Structure0
4
1
8
0
0
0
100
Player1
6.409894
0.65
5.507298
0
292.6
0
0
Object2
8
1
5
0
0
0
1000
Object3
9
1
6
0
0
0
1000
Object4
8
1
4
0
0
0
1000
Object5
7
1
6
0
0
0
1000
Object6
6
1
5
0
0
0
1000
Object7
3
2
4
0
0
0
1000
Object8
3
1
5
0
0
0
1000
Object9
8
1
8
0
0
0
1000
Object10
7
1
9
0
0
0
1000
Object11
6
1.5
10
0
0
0
1000
Object12
-1
2
9
0
0
0
1000
Object13
1
2
10
0
0
0
1000
Object14
1
1
8
0
0
0
1000
Object15
1
1
6
0
0
0
1000
Object16
0
3
3
0
0
0
1000
Object17
1
1.5
5
0
0
0
1000
Object18
4
1
5
0
0
0
1000
Monster19
10
0.65
7
0
0
0
500
Block20
1
0
3
0
0
0
6
Block21
1
0
4
0
0
0
6
Block22
7
0.5
18
0
0
0
5
Block23
7
0
18
0
0
0
6
Block24
0
0
4
0
0
0
6
Block25
2
0
4
0
0
0
6
Block26
3
0
4
0
0
0
6
Block27
3
0
3
0
0
0
6
Block28
2
0
3
0
0
0
6
Block29
2
0
5
0
0
0
6
Block30
3
0
5
0
0
0
6
Block31
3
0
6
0
0
0
6
Block32
2
0
6
0
0
0
6
Block33
2
0.5
6
0
0
0
5
Block34
3
0.5
6
0
0
0
5
Block35
3
0.5
5
0
0
0
5
Block36
0
0
6
0
0
0
6
Block37
1
0
6
0
0
0
6
Block38
1
0
5
0
0
0
6
Block39
0
0
5
0
0
0
6
Block40
0
0
9
0
0
0
6
Block41
1
0
9
0
0
0
6
Block42
1
0
10
0
0
0
6
Block43
0
0
10
0
0
0
6
Block44
1
0.5
9
0
0
0
5
Block45
2
0.5
9
0
0
0
5
Block46
3
0.5
9
0
0
0
5
Block47
2
0
10
0
0
0
6
Block48
3
0
10
0
0
0
6
Block49
3
0
9
0
0
0
6
Block50
2
0
9
0
0
0
6
Block51
2
0
7
0
0
0
6
Block52
3
0
7
0
0
0
6
Block53
3
0
8
0
0
0
6
Block54
2
0
8
0
0
0
6
Block55
2
0.5
8
0
0
0
5
Block56
3
0.5
8
0
0
0
5
Block57
3
0.5
7
0
0
0
5
Block58
2
0.5
7
0
0
0
5
Block59
1
0.5
7
0
0
0
5
Block60
1
0.5
8
0
0
0
5
Block61
0
0.5
8
0
0
0
5
Block62
0
0
8
0
0
0
6
Block63
1
0
8
0
0
0
6
Block64
1
0
7
0
0
0
6
Block65
0
0
7
0
0
0
6
Block66
4
0
7
0
0
0
6
Block67
5
0
7
0
0
0
6
Block68
5
0
8
0
0
0
6
Block69
4
0
8
0
0
0
6
Block70
4
0.5
8
0
0
0
5
Block71
5
0.5
8
0
0
0
5
Block72
5
0.5
7
0
0
0
5
Block73
4
0.5
7
0
0
0
5
Block74
6
0.5
7
0
0
0
5
Block75
7
0.5
7
0
0
0
5
Block76
7
0.5
8
0
0
0
5
Block77
6
0.5
8
0
0
0
5
Block78
6
0
8
0
0
0
6
Block79
7
0
8
0
0
0
6
Block80
7
0
7
0
0
0
6
Block81
6
0
7
0
0
0
6
Block82
6
0
9
0
0
0
6
Block83
7
0
9
0
0
0
6
Block84
7
0
10
0
0
0
6
Block85
6
0
10
0
0
0
6
Block86
7
0.5
9
0
0
0
5
Block87
6
0.5
9
0
0
0
5
Block88
4
0.5
9
0
0
0
5
Block89
5
0.5
9
0
0
0
5
Block90
4
0
10
0
0
0
6
Block91
5
0
10
0
0
0
6
Block92
5
0
9
0
0
0
6
Block93
4
0
9
0
0
0
6
Block94
4
0
5
0
0
0
6
Block95
5
0
5
0
0
0
6
Block96
5
0
6
0
0
0
6
Block97
4
0
6
0
0
0
6
Block98
4
0.5
6
0
0
0
5
Block99
5
0.5
6
0
0
0
5
Block100
5
0.5
5
0
0
0
5
Block101
4
0.5
5
0
0
0
5
Block102
6
0.5
5
0
0
0
5
Block103
7
0.5
5
0
0
0
5
Block104
7
0.5
6
0
0
0
5
Block105
6
0.5
6
0
0
0
5
Block106
6
0
6
0
0
0
6
Block107
7
0
6
0
0
0
6
Block108
7
0
5
0
0
0
6
Block109
6
0
5
0
0
0
6
Block110
6
0
3
0
0
0
6
Block111
7
0
3
0
0
0
6
Block112
7
0
4
0
0
0
6
Block113
6
0
4
0
0
0
6
Block114
4
2
3
0
0
0
5
Block115
4
0
4
0
0
0
6
Block116
5
0
4
0
0
0
6
Block117
5
0
3
0
0
0
6
Block118
4
0
3
0
0
0
6
Block119
12
0.5
4
0
0
0
5
Block120
13
0.5
9
0
0
0
5
Block121
12
0.5
9
0
0
0
5
Block122
12
0.5
7
0
0
0
5
Block123
13
0.5
8
0
0
0
5
Block124
12
0.5
8
0
0
0
5
Block125
8
0
7
0
0
0
6
Block126
9
0
7
0
0
0
6
Block127
9
0
8
0
0
0
6
Block128
8
0
8
0
0
0
6
Block129
8
0.5
8
0
0
0
5
Block130
9
0.5
8
0
0
0
5
Block131
9
0.5
7
0
0
0
5
Block132
8
0.5
7
0
0
0
5
Block133
10
0.5
7
0
0
0
5
Block134
11
0.5
7
0
0
0
5
Block135
11
0.5
8
0
0
0
5
Block136
10
0.5
8
0
0
0
5
Block137
11
0.5
9
0
0
0
5
Block138
10
0.5
9
0
0
0
5
Block139
8
0
10
0
0
0
6
Block140
9
0
9
0
0
0
6
Block141
8
0
9
0
0
0
6
Block142
8
0
5
0
0
0
6
Block143
9
0
5
0
0
0
6
Block144
9
0
6
0
0
0
6
Block145
8
0
6
0
0
0
6
Block146
8
0.5
6
0
0
0
5
Block147
9
0.5
6
0
0
0
5
Block148
9
0.5
5
0
0
0
5
Block149
8
0.5
5
0
0
0
5
Block150
10
0.5
5
0
0
0
5
Block151
11
0.5
5
0
0
0
5
Block152
11
0.5
6
0
0
0
5
Block153
10
0.5
6
0
0
0
5
Block154
10
0
6
0
0
0
6
Block155
10
0
5
0
0
0
6
Block156
10
0
3
0
0
0
6
Block157
11
0
3
0
0
0
6
Block158
10
0
4
0
0
0
6
Block159
10
0.5
4
0
0
0
5
Block160
11
0.5
4
0
0
0
5
Block161
11
0.5
3
0
0
0
5
Block162
10
0.5
3
0
0
0
5
Block163
9
0.5
4
0
0
0
5
Block164
8
0.5
4
0
0
0
5
Block165
8
0
4
0
0
0
6
Block166
9
0
4
0
0
0
6
Block167
9
0
3
0
0
0
6
Block168
8
0
3
0
0
0
6
Block169
8
0
11
0
0
0
6
Block170
8
0
12
0
0
0
6
Block171
10
0.5
14
0
0
0
5
Block172
11
0.5
14
0
0
0
5
Block173
11
0.5
13
0
0
0
5
Block174
8
0.5
14
0
0
0
5
Block175
9
0.5
17
0
0
0
5
Block176
8
0.5
17
0
0
0
5
Block177
10
0.5
17
0
0
0
5
Block178
11
0.5
17
0
0
0
5
Block179
10
0.5
16
0
0
0
5
Block180
11
0.5
16
0
0
0
5
Block181
11
0.5
15
0
0
0
5
Block182
10
0.5
15
0
0
0
5
Block183
8
0.5
15
0
0
0
5
Block184
9
0.5
15
0
0
0
5
Block185
9
0.5
16
0
0
0
5
Block186
8
0.5
16
0
0
0
5
Block187
12
0.5
16
0
0
0
5
Block188
13
0.5
16
0
0
0
5
Block189
13
0.5
15
0
0
0
5
Block190
12
0.5
15
0
0
0
5
Block191
14
0.5
16
0
0
0
5
Block192
14
0.5
17
0
0
0
5
Block193
12
0.5
17
0
0
0
5
Block194
13
0.5
17
0
0
0
5
Block195
12
0.5
14
0
0
0
5
Block196
13
0.5
13
0
0
0
5
Block197
12
0.5
13
0
0
0
5
Block198
13
0.5
12
0
0
0
5
Block199
12
0.5
12
0
0
0
5
Block200
4
0
11
0
0
0
6
Block201
5
0
11
0
0
0
6
Block202
5
0
12
0
0
0
6
Block203
4
0
12
0
0
0
6
Block204
6
0
12
0
0
0
6
Block205
7
0
12
0
0
0
6
Block206
7
0
11
0
0
0
6
Block207
6
0
11
0
0
0
6
Block208
6
0
13
0
0
0
6
Block209
7
0
13
0
0
0
6
Block210
7
0
14
0
0
0
6
Block211
6
0
14
0
0
0
6
Block212
6
0.5
14
0
0
0
5
Block213
7
0.5
14
0
0
0
5
Block214
5
0.5
14
0
0
0
5
Block215
4
0.5
14
0
0
0
5
Block216
4
0
14
0
0
0
6
Block217
5
0
14
0
0
0
6
Block218
5
0
13
0
0
0
6
Block219
4
0
13
0
0
0
6
Block220
4
0
17
0
0
0
6
Block221
5
0
17
0
0
0
6
Block222
5
0
18
0
0
0
6
Block223
4
0
18
0
0
0
6
Block224
4
0.5
18
0
0
0
5
Block225
5
0.5
18
0
0
0
5
Block226
5
0.5
17
0
0
0
5
Block227
4
0.5
17
0
0
0
5
Block228
6
0.5
17
0
0
0
5
Block229
7
0.5
17
0
0
0
5
Block230
6
0.5
18
0
0
0
5
Block231
6
0
18
0
0
0
6
Block232
6
0
17
0
0
0
6
Block233
6
0
15
0
0
0
6
Block234
7
0
15
0
0
0
6
Block235
6
0
16
0
0
0
6
Block236
6
0.5
16
0
0
0
5
Block237
7
0.5
16
0
0
0
5
Block238
7
0.5
15
0
0
0
5
Block239
6
0.5
15
0
0
0
5
Block240
4
0.5
15
0
0
0
5
Block241
5
0.5
15
0
0
0
5
Block242
5
0.5
16
0
0
0
5
Block243
4
0.5
16
0
0
0
5
Block244
4
0
16
0
0
0
6
Block245
5
0
16
0
0
0
6
Block246
5
0
15
0
0
0
6
Block247
4
0
15
0
0
0
6
Block248
0
0
15
0
0
0
6
Block249
1
0
15
0
0
0
6
Block250
1
0
16
0
0
0
6
Block251
0
0
16
0
0
0
6
Block252
0
0.5
16
0
0
0
5
Block253
1
0.5
16
0
0
0
5
Block254
1
0.5
15
0
0
0
5
Block255
0
0.5
15
0
0
0
5
Block256
2
0.5
15
0
0
0
5
Block257
3
0.5
15
0
0
0
5
Block258
3
0.5
16
0
0
0
5
Block259
2
0.5
16
0
0
0
5
Block260
2
0
16
0
0
0
6
Block261
3
0
16
0
0
0
6
Block262
3
0
15
0
0
0
6
Block263
2
0
15
0
0
0
6
Block264
2
0
17
0
0
0
6
Block265
3
0
17
0
0
0
6
Block266
3
0
18
0
0
0
6
Block267
2
0
18
0
0
0
6
Block268
2
0.5
18
0
0
0
5
Block269
3
0.5
18
0
0
0
5
Block270
3
0.5
17
0
0
0
5
Block271
2
0.5
17
0
0
0
5
Block272
0
0.5
17
0
0
0
5
Block273
1
0.5
17
0
0
0
5
Block274
1
0.5
18
0
0
0
5
Block275
0
0.5
18
0
0
0
5
Block276
0
0
18
0
0
0
6
Block277
1
0
18
0
0
0
6
Block278
1
0
17
0
0
0
6
Block279
0
0
17
0
0
0
6
Block280
0
0
13
0
0
0
6
Block281
1
0
13
0
0
0
6
Block282
1
0
14
0
0
0
6
Block283
0
0
14
0
0
0
6
Block284
0
0.5
14
0
0
0
5
Block285
1
0.5
14
0
0
0
5
Block286
1
0.5
13
0
0
0
5
Block287
2
0.5
13
0
0
0
5
Block288
3
0.5
14
0
0
0
5
Block289
2
0.5
14
0
0
0
5
Block290
2
0
14
0
0
0
6
Block291
3
0
14
0
0
0
6
Block292
3
0
13
0
0
0
6
Block293
2
0
13
0
0
0
6
Block294
2
0
11
0
0
0
6
Block295
3
0
11
0
0
0
6
Block296
3
0
12
0
0
0
6
Block297
2
0
12
0
0
0
6
Block298
0
0
12
0
0
0
6
Block299
1
0
12
0
0
0
6
Block300
1
0
11
0
0
0
6
Block301
0
0
11
0
0
0
6
Block302
12
0
3
0
0
0
6
Block303
13
0
3
0
0
0
6
Block304
13
0
4
0
0
0
6
Block305
12
0
4
0
0
0
6
Block306
13
0.5
3
0
0
0
5
Block307
12
0.5
3
0
0
0
5
Block308
14
0
4
0
0
0
6
Block309
15
0
4
0
0
0
6
Block310
15
0
3
0
0
0
6
Block311
14
0
3
0
0
0
6
Block312
14
0
5
0
0
0
6
Block313
15
0
5
0
0
0
6
Block314
15
0
6
0
0
0
6
Block315
14
0
6
0
0
0
6
Block316
12
0
6
0
0
0
6
Block317
13
0
6
0
0
0
6
Block318
13
0
5
0
0
0
6
Block319
12
0
5
0
0
0
6
Block320
12
0
9
0
0
0
6
Block321
13
0
9
0
0
0
6
Block322
13
0
10
0
0
0
6
Block323
12
0
10
0
0
0
6
Block324
14
0
10
0
0
0
6
Block325
15
0
10
0
0
0
6
Block326
15
0
9
0
0
0
6
Block327
14
0
9
0
0
0
6
Block328
14
0
7
0
0
0
6
Block329
15
0
7
0
0
0
6
Block330
15
0
8
0
0
0
6
Block331
14
0
8
0
0
0
6
Block332
12
0
8
0
0
0
6
Block333
13
0
8
0
0
0
6
Block334
13
0
7
0
0
0
6
Block335
12
0
7
0
0
0
6
Block336
10
0
8
0
0
0
6
Block337
11
0
8
0
0
0
6
Block338
11
0
7
0
0
0
6
Block339
10
0
7
0
0
0
6
Block340
10
0
9
0
0
0
6
Block341
11
0
9
0
0
0
6
Block342
11
0
10
0
0
0
6
Block343
10
0
10
0
0
0
6
Block344
9
0
10
0
0
0
6
Block345
11
0
6
0
0
0
6
Block346
11
0
5
0
0
0
6
Block347
11
0
4
0
0
0
6
Block348
9
0
11
0
0
0
6
Block349
9
0
12
0
0
0
6
Block350
10
0
12
0
0
0
6
Block351
11
0
12
0
0
0
6
Block352
11
0
11
0
0
0
6
Block353
10
0
11
0
0
0
6
Block354
10
0
13
0
0
0
6
Block355
11
0
13
0
0
0
6
Block356
11
0
14
0
0
0
6
Block357
10
0
14
0
0
0
6
Block358
8
0
14
0
0
0
6
Block359
9
0
14
0
0
0
6
Block360
9
0
13
0
0
0
6
Block361
8
0
13
0
0
0
6
Block362
8
0
17
0
0
0
6
Block363
9
0
17
0
0
0
6
Block364
9
0
18
0
0
0
6
Block365
8
0
18
0
0
0
6
Block366
8
0.5
18
0
0
0
5
Block367
9
0.5
18
0
0
0
5
Block368
11
0.5
18
0
0
0
5
Block369
10
0.5
18
0
0
0
5
Block370
10
0
18
0
0
0
6
Block371
11
0
18
0
0
0
6
Block372
11
0
17
0
0
0
6
Block373
10
0
17
0
0
0
6
Block374
10
0
15
0
0
0
6
Block375
11
0
15
0
0
0
6
Block376
11
0
16
0
0
0
6
Block377
10
0
16
0
0
0
6
Block378
8
0
16
0
0
0
6
Block379
9
0
16
0
0
0
6
Block380
9
0
15
0
0
0
6
Block381
8
0
15
0
0
0
6
Block382
12
0
15
0
0
0
6
Block383
13
0
15
0
0
0
6
Block384
13
0
16
0
0
0
6
Block385
12
0
16
0
0
0
6
Block386
15
0.5
16
0
0
0
5
Block387
14
0
16
0
0
0
6
Block388
15
0
16
0
0
0
6
Block389
15
0
15
0
0
0
6
Block390
14
0
15
0
0
0
6
Block391
14
0
17
0
0
0
6
Block392
15
0
17
0
0
0
6
Block393
15
0
18
0
0
0
6
Block394
14
0
18
0
0
0
6
Block395
14
0.5
18
0
0
0
5
Block396
15
0.5
18
0
0
0
5
Block397
15
0.5
17
0
0
0
5
Block398
13
0.5
18
0
0
0
5
Block399
12
0.5
18
0
0
0
5
Block400
12
0
18
0
0
0
6
Block401
13
0
18
0
0
0
6
Block402
13
0
17
0
0
0
6
Block403
12
0
17
0
0
0
6
Block404
12
0
13
0
0
0
6
Block405
13
0
13
0
0
0
6
Block406
13
0
14
0
0
0
6
Block407
12
0
14
0
0
0
6
Block408
14
0
14
0
0
0
6
Block409
15
0
14
0
0
0
6
Block410
15
0
13
0
0
0
6
Block411
14
0
13
0
0
0
6
Block412
14
0
11
0
0
0
6
Block413
15
0
11
0
0
0
6
Block414
15
0
12
0
0
0
6
Block415
14
0
12
0
0
0
6
Block416
12
0
12
0
0
0
6
Block417
13
0
12
0
0
0
6
Block418
13
0
11
0
0
0
6
Block419
12
0
11
0
0
0
6
Block420
7
0
17
0
0
0
6
Block421
0
0
3
0
0
0
6
Block422
1
0.5
6
0
0
0
5
Block423
4
2.5
3
0
270
0
4
Block424
0
2.5
3
0
0
0
5
Block425
1
2
3
0
0
0
5
Block426
2
1.5
3
0
0
0
5
Block427
3
2
3
0
0
0
5
Block428
0
2
4
0
0
0
5
Block429
0
1.5
5
0
0
0
5
Block430
0
1.5
6
0
0
0
5
Block431
0
1.5
7
0
0
0
5
Block432
3
2.5
3
0
270
0
3
Block433
1
1.5
4
0
0
0
5
Block434
2
1.5
4
0
0
0
5
Block435
1
1.5
3
0
0
0
6
Block436
0
1.5
4
0
0
0
6
Block437
7
0
16
0
0
0
6
Block438
0
1.5
10
0
0
0
5
Block439
1
1.5
10
0
0
0
5
Block440
3
1.5
11
0
0
0
5
Block441
2
1.5
11
0
0
0
5
Block442
4
1.5
11
0
0
0
5
Block443
0
0.5
9
0
0
0
6
Block444
0
1
9
0
0
0
5
Block445
0
2.5
11
0
0
0
5
Block446
1
1.5
11
0
0
0
6
Block447
1
2
11
0
0
0
5
Block448
2
0.5
10
0
0
0
5
Block449
3
0.5
10
0
0
0
5
Block450
4
0.5
10
0
0
0
5
Block451
4
2.5
12.001
0
0
0
5
Block452
3
2.5
12.001
0
0
0
5
Block453
2
2
12
0
0
0
5
Block454
2
1.5
12
0
0
0
6
Block455
5
1.5
12
0
0
0
6
Block456
5
2
12
0
0
0
5
Block457
4
1.5
13
0
0
0
6
Block458
4
2
13
0
0
0
5
Block459
3
1.5
13
0
0
0
5
Block460
5
1
11
0
0
0
5
Block461
5
0.5
11
0
0
0
6
Block462
5
0.5
10
0
0
0
5
Block463
0
0.5
3
0
0
0
6
Block464
4
0.5
3
0
0
0
6
Block465
0
0.5
7
0
0
0
6
Block466
0
0.5
5
0
0
0
6
Block467
0
0.5
6
0
0
0
6
Block468
2
0.5
3
0
0
0
6
Block469
3
0.5
3
0
0
0
6
Block470
2
0.5
4
0
0
0
6
Block471
0
0.5
4
0
0
0
6
Block472
1
0.5
4
0
0
0
6
Block473
1
0.5
3
0
0
0
6
Block474
1
1
3
0
0
0
6
Block475
1
1
4
0
0
0
6
Block476
0
1
4
0
0
0
6
Block477
2
1
4
0
0
0
6
Block478
3
1
3
0
0
0
6
Block479
2
1
3
0
0
0
6
Block480
0
1
6
0
0
0
6
Block481
0
1
5
0
0
0
6
Block482
0
1
7
0
0
0
6
Block483
4
1
3
0
0
0
6
Block484
0
1
3
0
0
0
6
Block485
0
1.5
3
0
0
0
6
Block486
0
2
3
0
0
0
6
Block487
0
0.5
11
0
0
0
6
Block488
1
0.5
11
0
0
0
6
Block489
2
0.5
12
0
0
0
6
Block490
3
0.5
12
0
0
0
6
Block491
3
0.5
11
0
0
0
6
Block492
2
0.5
11
0
0
0
6
Block493
3
0.5
13
0
0
0
6
Block494
4
0.5
13
0
0
0
6
Block495
4
0.5
12
0
0
0
6
Block496
5
0.5
12
0
0
0
6
Block497
4
0.5
11
0
0
0
6
Block498
0
0.5
10
0
0
0
6
Block499
1
0.5
10
0
0
0
6
Block500
1
1
10
0
0
0
6
Block501
0
1
10
0
0
0
6
Block502
4
1
11
0
0
0
6
Block503
5
1
12
0
0
0
6
Block504
4
1
12
0
0
0
6
Block505
4
1
13
0
0
0
6
Block506
3
1
13
0
0
0
6
Block507
2
1
11
0
0
0
6
Block508
3
1
11
0
0
0
6
Block509
3
1
12
0
0
0
6
Block510
2
1
12
0
0
0
6
Block511
1
1
11
0
0
0
6
Block512
0
1
11
0
0
0
6
Block513
0
1.5
11
0
0
0
6
Block514
0
2
11
0
0
0
6
Block515
3
1.5
12
0
0
0
6
Block516
4
1.5
12
0
0
0
6
Block517
4
2
12
0
0
0
6
Block518
3
2
12
0
0
0
6
Block519
6
1
11
0
0
0
5
Block520
6
0.5
11
0
0
0
6
Block521
6
1
10
0
0
0
5
Block522
6
0.5
10
0
0
0
6
Block523
4
1.5
4
0
0
0
5
Block524
3
1.5
4
0
0
0
5
Block525
4
0.5
4
0
0
0
6
Block526
3
0.5
4
0
0
0
6
Block527
3
1
4
0
0
0
6
Block528
4
1
4
0
0
0
6
Block529
6
0.5
4
0
0
0
6
Block530
5
0.5
4
0
0
0
6
Block531
5
1
4
0
0
0
5
Block532
6
1
4
0
0
0
5
Block533
5
1.5
3
0
0
0
5
Block534
5
0.5
3
0
0
0
6
Block535
5
1
3
0
0
0
6
Block536
6
1.5
3
0
0
0
5
Block537
6
0.5
3
0
0
0
6
Block538
6
1
3
0
0
0
6
Block539
1
0.5
5
0
0
0
6
Block540
1
1
5
0
0
0
5
Block541
2
0.5
5
0
0
0
6
Block542
2
1
5
0
0
0
5
Block543
7
2.5
3
0
0
0
5
Block544
8
2
3
0
0
0
5
Block545
8
1.5
3
0
0
0
6
Block546
7
0.5
3
0
0
0
6
Block547
8
0.5
3
0
0
0
6
Block548
8
1
3
0
0
0
6
Block549
7
1
3
0
0
0
6
Block550
7
1.5
3
0
0
0
6
Block551
7
2
3
0
0
0
6
Block552
7
0.5
4
0
0
0
6
Block553
7
1.5
4
0
0
0
5
Block554
7
1
4
0
0
0
6
Block555
10
0
2
0
0
0
6
Block556
11
0
2
0
0
0
6
Block557
9
0
2
0
0
0
6
Block558
12
0
2
0
0
0
6
Block559
13
0
2
0
0
0
6
Block560
14
0
2
0
0
0
6
Block561
10
0
1
0
0
0
6
Block562
11
0
1
0
0
0
6
Block563
12
0
1
0
0
0
6
Block564
13
0
1
0
0
0
6
Block565
14
0
1
0
0
0
6
Block566
9
2
2
0
0
0
5
Block567
9
1.5
2
0
0
0
6
Block568
9
0.5
2
0
0
0
6
Block569
9
1
2
0
0
0
6
Block570
9
0.5
3
0
0
0
6
Block571
9
1.5
3
0
0
0
5
Block572
9
1
3
0
0
0
6
Block573
10
0.5
2
0
0
0
6
Block574
10
1
2
0
0
0
6
Block575
10
1.5
2
0
0
0
5
Block576
10
0.5
1
0
0
0
6
Block577
10
1
1
0
0
0
6
Block578
10
1.5
1
0
0
0
5
Block579
11
0.5
2
0
0
0
5
Block580
12
0.5
2
0
0
0
5
Block581
11
0.5
1
0
0
0
6
Block582
12
0.5
1
0
0
0
6
Block583
11
1
1
0
0
0
5
Block584
12
1
1
0
0
0
5
Block585
13
0.5
2
0
0
0
6
Block586
13
1
2
0
0
0
5
Block587
13
2
1
0
0
0
5
Block588
13
1.5
1
0
0
0
6
Block589
13
0.5
1
0
0
0
6
Block590
13
1
1
0
0
0
6
Block591
14
2.5
1
0
0
0
5
Block592
14
0.5
1
0
0
0
6
Block593
14
1
1
0
0
0
6
Block594
14
1.5
1
0
0
0
6
Block595
14
2
1
0
0
0
6
Block596
14
2
2
0
0
0
5
Block597
14
1.5
2
0
0
0
6
Block598
14
0.5
2
0
0
0
6
Block599
14
1
2
0
0
0
6
Block600
11
0
0
0
0
0
6
Block601
11
2
0
0
0
0
5
Block602
11
1.5
0
0
0
0
6
Block603
11
0.5
0
0
0
0
6
Block604
11
1
0
0
0
0
6
Block605
12
0
0
0
0
0
6
Block606
12
0.5
0
0
0
0
6
Block607
12
1
0
0
0
0
6
Block608
12
1.5
0
0
0
0
5
Block609
13
0
0
0
0
0
6
Block610
13
0.5
0
0
0
0
6
Block611
13
1
0
0
0
0
6
Block612
13
1.5
0
0
0
0
5
Block613
7
0.5
11
0
0
0
6
Block614
7
1
11
0
0
0
6
Block615
7
1.5
11
0
0
0
5
Block616
7
0.5
10
0
0
0
6
Block617
7
1
10
0
0
0
6
Block618
7
1.5
10
0
0
0
5
Block619
6
0.5
12
0
0
0
6
Block620
6
1
12
0
0
0
6
Block621
6
1.5
12
0
0
0
5
Block622
7
0.5
12
0
0
0
6
Block623
7
1.5
12
0
0
0
6
Block624
7
2
12
0
0
0
5
Block625
7
1
12
0
0
0
6
Block626
8
0.5
9
0
0
0
6
Block627
8
1
9
0
0
0
5
Block628
8
0.5
10
0
0
0
6
Block629
8
1
10
0
0
0
6
Block630
8
1.5
10
0
0
0
5
Block631
9
0.5
9
0
0
0
6
Block632
9
1
9
0
0
0
5
Block633
9
0.5
10
0
0
0
6
Block634
9
1
10
0
0
0
6
Block635
9
1.5
10
0
0
0
5
Block636
8
0.5
11
0
0
0
6
Block637
8
1.5
11
0
0
0
6
Block638
8
2
11
0
0
0
5
Block639
8
1
11
0
0
0
6
Block640
8
0.5
12
0
0
0
6
Block641
8
1.5
12
0
0
0
6
Block642
8
2
12
0
0
0
5
Block643
8
1
12
0
0
0
6
Block644
9
0.5
11
0
0
0
6
Block645
9
1
11
0
0
0
6
Block646
9
1.5
11
0
0
0
5
Block647
10
0.5
11
0
0
0
6
Block648
10
1
11
0
0
0
6
Block649
10
0.5
10
0
0
0
6
Block650
10
1
10
0
0
0
6
Block651
10
1.5
10
0
0
0
5
Block652
10
1.5
11
0
0
0
6
Block653
10
2
11
0
0
0
5
Block654
9
0.5
12
0
0
0
6
Block655
9
1.5
12
0
0
0
6
Block656
9
2.5
12
0
0
0
5
Block657
9
1
12
0
0
0
6
Block658
9
2
12
0
0
0
6
Block659
10
0.5
12
0
0
0
6
Block660
10
1
12
0
0
0
6
Block661
10
1.5
12
0
0
0
5
Block662
11
0.5
10
0
0
0
5
Block663
11
0.5
11
0
0
0
6
Block664
11
1
11
0
0
0
5
Block665
11
0.5
12
0
0
0
6
Block666
11
1
12
0
0
0
5
Block667
9
0.5
13
0
0
0
6
Block668
9
1.5
13
0
0
0
6
Block669
9
1
13
0
0
0
6
Block670
9
2
13
0
0
0
5
Block671
8
0.5
13
0
0
0
6
Block672
8
1
13
0
0
0
6
Block673
8
1.5
13
0
0
0
5
Block674
10
0.5
13
0
0
0
6
Block675
10
1
13
0
0
0
5
Block676
7
0.5
13
0
0
0
6
Block677
7
1
13
0
0
0
6
Block678
7
1.5
13
0
0
0
5
Block679
9
0.5
14
0
0
0
6
Block680
9
1
14
0
0
0
5
Block681
6
0.5
13
0
0
0
6
Block682
6
1
13
0
0
0
5
Block683
5
0.5
13
0
0
0
6
Block684
5
1
13
0
0
0
6
Block685
5
1.5
13
0
0
0
5
Block686
1
0.5
12
0
0
0
6
Block687
1
1
12
0
0
0
5
Block688
0
0.5
12
0
0
0
6
Block689
0
1
12
0
0
0
6
Block690
0
1.5
12
0
0
0
6
Block691
0
2
12
0
0
0
5
Block692
0
0.5
13
0
0
0
6
Block693
0
1
13
0
0
0
5
Block694
0
0
2
0
0
0
6
Block695
8
0
2
0
0
0
6
Block696
4
0
2
0
0
0
6
Block697
5
0
2
0
0
0
6
Block698
7
0
2
0
0
0
6
Block699
6
0
2
0
0
0
6
Block700
2
0
2
0
0
0
6
Block701
3
0
2
0
0
0
6
Block702
1
0
2
0
0
0
6
Block703
1
0
1
0
0
0
6
Block704
3
0
1
0
0
0
6
Block705
2
0
1
0
0
0
6
Block706
6
0
1
0
0
0
6
Block707
7
0
1
0
0
0
6
Block708
5
0
1
0
0
0
6
Block709
4
0
1
0
0
0
6
Block710
8
0
1
0
0
0
6
Block711
0
0
1
0
0
0
6
Block712
0
0
0
0
0
0
6
Block713
8
0
0
0
0
0
6
Block714
4
0
0
0
0
0
6
Block715
5
0
0
0
0
0
6
Block716
7
0
0
0
0
0
6
Block717
6
0
0
0
0
0
6
Block718
2
0
0
0
0
0
6
Block719
3
0
0
0
0
0
6
Block720
1
0
0
0
0
0
6
Block721
9
0
0
0
0
0
6
Block722
9
0
1
0
0
0
6
Block723
10
0
0
0
0
0
6
Block724
14
0
0
0
0
0
6
Block725
15
0
2
0
0
0
6
Block726
15
0
1
0
0
0
6
Block727
15
0
0
0
0
0
6
Block728
3
1.5
3
0
0
0
6
Block729
4
1.5
3
0
0
0
6
Block730
0
0.5
2
0
0
0
6
Block731
0
1
2
0
0
0
6
Block732
0
1.5
2
0
0
0
6
Block733
0
2
2
0
0
0
6
Block734
0
2.5
2
0
0
0
6
Block735
0
3
2
0
0
0
6
Block736
0
3.5
2
0
0
0
5
Block737
1
0.5
2
0
0
0
6
Block738
1
1
2
0
0
0
6
Block739
1
1.5
2
0
0
0
6
Block740
1
2
2
0
0
0
6
Block741
1
2.5
2
0
0
0
6
Block742
1
3
2
0
0
0
5
Block743
2
0.5
2
0
0
0
6
Block744
2
1
2
0
0
0
6
Block745
2
1.5
2
0
0
0
6
Block746
2
2
2
0
0
0
6
Block747
2
2.5
2
0
0
0
6
Block748
2
3
2
0
0
0
5
Block749
3
0.5
2
0
0
0
6
Block750
3
1
2
0
0
0
6
Block751
3
1.5
2
0
0
0
6
Block752
3
2
2
0
0
0
6
Block753
3
2.5
2
0
0
0
5
Block754
4
2
2
0
0
0
5
Block755
4
0.5
2
0
0
0
6
Block756
4
1
2
0
0
0
6
Block757
4
1.5
2
0
0
0
6
Block758
5
2
2
0
0
0
5
Block759
5
0.5
2
0
0
0
6
Block760
5
1
2
0
0
0
6
Block761
5
1.5
2
0
0
0
6
Block762
6
0.5
2
0
0
0
6
Block763
6
1
2
0
0
0
6
Block764
6
1.5
2
0
0
0
5
Block765
7
2
2
0
0
0
5
Block766
7
0.5
2
0
0
0
6
Block767
7
1
2
0
0
0
6
Block768
7
1.5
2
0
0
0
6
Block769
6
2
1
0
0
0
5
Block770
6
0.5
1
0
0
0
6
Block771
6
1
1
0
0
0
6
Block772
6
1.5
1
0
0
0
6
Block773
0
0.5
1
0
0
0
6
Block774
0
1
1
0
0
0
6
Block775
0
1.5
1
0
0
0
6
Block776
0
2
1
0
0
0
6
Block777
0
2.5
1
0
0
0
5
Block778
1
0.5
1
0
0
0
6
Block779
1
1
1
0
0
0
6
Block780
1
1.5
1
0
0
0
6
Block781
1
2
1
0
0
0
6
Block782
1
2.5
1
0
0
0
5
Block783
2
2
1
0
0
0
5
Block784
2
0.5
1
0
0
0
6
Block785
2
1
1
0
0
0
6
Block786
2
1.5
1
0
0
0
6
Block787
0
2
0
0
0
0
5
Block788
0
0.5
0
0
0
0
6
Block789
0
1
0
0
0
0
6
Block790
0
1.5
0
0
0
0
6
Block791
1
2
0
0
0
0
5
Block792
1
0.5
0
0
0
0
6
Block793
1
1
0
0
0
0
6
Block794
1
1.5
0
0
0
0
6
Block795
2
0.5
0
0
0
0
6
Block796
2
1
-1
0
0
0
5
Block797
3
0.5
1
0
0
0
6
Block798
3
1
1
0
0
0
6
Block799
3
1.5
1
0
0
0
5
Block800
5
0.5
1
0
0
0
6
Block801
5
1
1
0
0
0
6
Block802
5
1.5
1
0
0
0
5
Block803
4
0.5
1
0
0
0
6
Block804
4
1
1
0
0
0
5
Block805
3
0.5
0
0
0
0
5
Block806
4
0.5
0
0
0
0
5
Block807
5
1
0
0
0
0
5
Block808
5
0.5
0
0
0
0
6
Block809
6
0.5
0
0
0
0
6
Block810
6
1
0
0
0
0
5
Block811
8
1
2
0
0
0
6
Block812
8
0.5
2
0
0
0
6
Block813
8
1.5
2
0
0
0
6
Block814
8
2
2
0
0
0
6
Block815
8
3
2
0
0
0
5
Block816
8
2.5
2
0
0
0
6
Block817
8
2
1
0
0
0
6
Block818
8
1.5
1
0
0
0
6
Block819
8
0.5
1
0
0
0
6
Block820
8
1
1
0
0
0
6
Block821
8
2.5
1
0
0
0
5
Block822
9
2.5
1
0
0
0
5
Block823
9
1
1
0
0
0
6
Block824
9
0.5
1
0
0
0
6
Block825
9
1.5
1
0
0
0
6
Block826
9
2
1
0
0
0
6
Block827
7
1.5
1
0
0
0
6
Block828
7
1
1
0
0
0
6
Block829
7
0.5
1
0
0
0
6
Block830
7
2
1
0
0
0
5
Block831
7
1.5
0
0
0
0
5
Block832
7
1
0
0
0
0
6
Block833
7
0.5
0
0
0
0
6
Block834
8
0.5
0
0
0
0
6
Block835
8
1
0
0
0
0
6
Block836
8
2
0
0
0
0
5
Block837
8
1.5
0
0
0
0
6
Block838
9
0.5
0
0
0
0
6
Block839
9
1
0
0
0
0
6
Block840
9
1.5
0
0
0
0
5
Block841
10
1.5
0
0
0
0
5
Block842
10
1
0
0
0
0
6
Block843
10
0.5
0
0
0
0
6
Block844
14
1.5
0
0
0
0
6
Block845
14
0.5
0
0
0
0
6
Block846
14
1
0
0
0
0
6
Block847
14
2
0
0
0
0
5
Block848
15
0.5
1
0
0
0
6
Block849
15
1
1
0
0
0
6
Block850
15
1.5
1
0
0
0
6
Block851
15
0.5
2
0
0
0
6
Block852
15
1
2
0
0
0
6
Block853
15
1.5
2
0
0
0
5
Block854
15
0.5
0
0
0
0
6
Block855
15
1
0
0
0
0
6
Block856
15
1.5
0
0
0
0
5
Block857
-1
0
4
0
0
0
6
Block858
-1
0
6
0
0
0
6
Block859
-1
0
5
0
0
0
6
Block860
-1
0
9
0
0
0
6
Block861
-1
0
10
0
0
0
6
Block862
-1
0
8
0
0
0
6
Block863
-1
0
7
0
0
0
6
Block864
-1
0
15
0
0
0
6
Block865
-1
0
16
0
0
0
6
Block866
-1
0
18
0
0
0
6
Block867
-1
0
17
0
0
0
6
Block868
-1
0
13
0
0
0
6
Block869
-1
0
14
0
0
0
6
Block870
-1
0
12
0
0
0
6
Block871
-1
0
11
0
0
0
6
Block872
-1
0
3
0
0
0
6
Block873
-1
0
2
0
0
0
6
Block874
-1
0
1
0
0
0
6
Block875
-1
0
0
0
0
0
6
Block876
-2
0
4
0
0
0
6
Block877
-2
0
6
0
0
0
6
Block878
-2
0
5
0
0
0
6
Block879
-2
0
9
0
0
0
6
Block880
-2
0
10
0
0
0
6
Block881
-2
0
8
0
0
0
6
Block882
-2
0
7
0
0
0
6
Block883
-2
0
15
0
0
0
6
Block884
-2
0
16
0
0
0
6
Block885
-2
0
18
0
0
0
6
Block886
-2
0
17
0
0
0
6
Block887
-2
0
13
0
0
0
6
Block888
-2
0
14
0
0
0
6
Block889
-2
0
12
0
0
0
6
Block890
-2
0
11
0
0
0
6
Block891
-2
0
3
0
0
0
6
Block892
-2
0
2
0
0
0
6
Block893
-2
0
1
0
0
0
6
Block894
-2
0
0
0
0
0
6
Block895
-3
0
4
0
0
0
6
Block896
-3
0
6
0
0
0
6
Block897
-3
0
5
0
0
0
6
Block898
-3
0
9
0
0
0
6
Block899
-3
0
10
0
0
0
6
Block900
-3
0
8
0
0
0
6
Block901
-3
0
7
0
0
0
6
Block902
-3
0
15
0
0
0
6
Block903
-3
0
16
0
0
0
6
Block904
-3
0
18
0
0
0
6
Block905
-3
0
17
0
0
0
6
Block906
-3
0
13
0
0
0
6
Block907
-3
0
14
0
0
0
6
Block908
-3
0
12
0
0
0
6
Block909
-3
0
11
0
0
0
6
Block910
-3
0
3
0
0
0
6
Block911
-3
0
2
0
0
0
6
Block912
-3
0
1
0
0
0
6
Block913
-3
0
0
0
0
0
6
Block914
-4
0
4
0
0
0
6
Block915
-4
0
6
0
0
0
6
Block916
-4
0
5
0
0
0
6
Block917
-4
0
9
0
0
0
6
Block918
-4
0
10
0
0
0
6
Block919
-4
0
8
0
0
0
6
Block920
-4
0
7
0
0
0
6
Block921
-4
0
15
0
0
0
6
Block922
-4
0
16
0
0
0
6
Block923
-4
0
18
0
0
0
6
Block924
-4
0
17
0
0
0
6
Block925
-4
0
13
0
0
0
6
Block926
-4
0
14
0
0
0
6
Block927
-4
0
12
0
0
0
6
Block928
-4
0
11
0
0
0
6
Block929
-4
0
3
0
0
0
6
Block930
-4
0
2
0
0
0
6
Block931
-4
0
1
0
0
0
6
Block932
-4
0
0
0
0
0
6
Block933
-1
0.5
2
0
0
0
6
Block934
-1
1
2
0
0
0
6
Block935
-1
1.5
2
0
0
0
6
Block936
-1
2
2
0
0
0
6
Block937
-1
2.5
2
0
0
0
6
Block938
-1
3
2
0
0
0
5
Block939
-1
0.5
1
0
0
0
6
Block940
-1
1
1
0
0
0
6
Block941
-1
1.5
1
0
0
0
6
Block942
-1
2
1
0
0
0
6
Block943
-1
2.5
1
0
0
0
5
Block944
-1
0.5
0
0
0
0
6
Block945
-1
1
0
0
0
0
6
Block946
-1
1.5
0
0
0
0
5
Block947
-1
2.5
3
0
0
0
5
Block948
-1
0.5
3
0
0
0
6
Block949
-1
1
3
0
0
0
6
Block950
-1
1.5
3
0
0
0
6
Block951
-1
2
3
0
0
0
6
Block952
-1
1.5
4
0
0
0
5
Block953
-1
0.5
4
0
0
0
6
Block954
-1
1
4
0
0
0
6
Block955
-2
2
3
0
0
0
5
Block956
-2
0.5
3
0
0
0
6
Block957
-2
1
3
0
0
0
6
Block958
-2
1.5
3
0
0
0
6
Block959
-2
0.5
2
0
0
0
6
Block960
-2
1
2
0
0
0
6
Block961
-2
1.5
2
0
0
0
6
Block962
-2
2
2
0
0
0
6
Block963
-2
2.5
2
0
0
0
5
Block964
-2
0.5
1
0
0
0
6
Block965
-2
1
1
0
0
0
6
Block966
-2
1.5
1
0
0
0
5
Block967
-2
0.5
0
0
0
0
6
Block968
-2
1
0
0
0
0
5
Block969
-3
0.5
0
0
0
0
5
Block970
-4
0.5
0
0
0
0
5
Block971
-3
0.5
1
0
0
0
6
Block972
-3
1
1
0
0
0
6
Block973
-3
1.5
1
0
0
0
5
Block974
-4
0.5
1
0
0
0
6
Block975
-4
1
1
0
0
0
5
Block976
-3
2
2
0
0
0
5
Block977
-3
0.5
2
0
0
0
6
Block978
-3
1
2
0
0
0
6
Block979
-3
1.5
2
0
0
0
6
Block980
-4
0.5
2
0
0
0
6
Block981
-4
1
2
0
0
0
5
Block982
-3
1.5
3
0
0
0
5
Block983
-3
0.5
3
0
0
0
6
Block984
-3
1
3
0
0
0
6
Block985
-4
0.5
3
0
0
0
5
Block986
-2
0.5
4
0
0
0
5
Block987
-3
0.5
4
0
0
0
5
Block988
-4
0.5
4
0
0
0
5
Block989
-1
0.5
5
0
0
0
6
Block990
-1
1
5
0
0
0
5
Block991
-1
0.5
6
0
0
0
6
Block992
-1
1
6
0
0
0
5
Block993
-1
0.5
8
0
0
0
6
Block994
-1
0.5
9
0
0
0
6
Block995
-1
1.5
9
0
0
0
5
Block996
-1
1
9
0
0
0
6
Block997
-1
0.5
10
0
0
0
6
Block998
-1
1
10
0
0
0
6
Block999
-1
1.5
10
0
0
0
6
Block1000
-1
2
10
0
0
0
5
Block1001
-1
0.5
11
0
0
0
6
Block1002
-1
1
11
0
0
0
6
Block1003
-1
1.5
11
0
0
0
5
Block1004
-1
0.5
12
0
0
0
6
Block1005
-1
1
12
0
0
0
6
Block1006
-1
1.5
12
0
0
0
5
Block1007
-1
0.5
13
0
0
0
6
Block1008
-1
1
13
0
0
0
6
Block1009
-1
1.5
13
0
0
0
5
Block1010
-1
0.5
14
0
0
0
6
Block1011
-1
1
14
0
0
0
5
Block1012
-1
0.5
15
0
0
0
5
Block1013
-2
0.5
14
0
0
0
5
Block1014
-2
0.5
13
0
0
0
5
Block1015
-2
0.5
12
0
0
0
6
Block1016
-2
1
12
0
0
0
5
Block1017
-2
0.5
11
0
0
0
6
Block1018
-2
1
11
0
0
0
5
Block1019
-2
0.5
10
0
0
0
6
Block1020
-2
1
10
0
0
0
5
Block1021
-2
0.5
9
0
0
0
5
Block1022
-2
0.5
5
0
0
0
5
Block1023
-1
0.5
16
0
0
0
5
Block1024
-1
0.5
17
0
0
0
5
Block1025
-1
0.5
18
0
0
0
5
Block1026
-2
0.5
15
0
0
0
5
Block1027
-2
0.5
16
0
0
0
5
Block1028
-2
0.5
17
0
0
0
5
Block1029
-2
0.5
18
0
0
0
5
Block1030
-3
0.5
14
0
0
0
5
Block1031
-3
0.5
13
0
0
0
5
Block1032
-3
0.5
15
0
0
0
5
Block1033
-3
0.5
16
0
0
0
5
Block1034
-3
0.5
17
0
0
0
5
Block1035
-3
0.5
18
0
0
0
5
Block1036
-4
0.5
14
0
0
0
5
Block1037
-4
0.5
13
0
0
0
5
Block1038
-4
0.5
15
0
0
0
5
Block1039
-4
0.5
16
0
0
0
5
Block1040
-4
0.5
17
0
0
0
5
Block1041
-4
0.5
18
0
0
0
5
Block1042
-3
0.5
12
0
0
0
5
Block1043
-4
0.5
12
0
0
0
5
Block1044
-3
0.5
11
0
0
0
5
Block1045
-4
0.5
11
0
0
0
5
Block1046
-3
0.5
10
0
0
0
5
Block1047
-4
0.5
10
0
0
0
5
Block1048
-3
0.5
9
0
0
0
5
Block1049
-4
0.5
9
0
0
0
5
Block1050
-3
0.5
6
0
0
0
5
Block1051
-3
0.5
5
0
0
0
5
Block1052
-4
0.5
8
0
0
0
5
Block1053
-4
0.5
7
0
0
0
5
Block1054
-4
0.5
6
0
0
0
5
Block1055
-4
0.5
5
0
0
0
5
Block1056
12
0.5
10
0
0
0
5
Block1057
12
0.5
11
0
0
0
5
Block1058
13
0.5
10
0
0
0
5
Block1059
13
0.5
11
0
0
0
5
Block1060
14
0.5
10
0
0
0
5
Block1061
14
0.5
11
0
0
0
5
Block1062
15
2
1
0
0
0
5
Block1063
-4
0
-1
0
0
0
6
Block1064
-3
0
-1
0
0
0
6
Block1065
-2
0
-1
0
0
0
6
Block1066
-1
0
-1
0
0
0
6
Block1067
15
0
-1
0
0
0
6
Block1068
14
0
-1
0
0
0
6
Block1069
10
0
-1
0
0
0
6
Block1070
9
0
-1
0
0
0
6
Block1071
1
0
-1
0
0
0
6
Block1072
3
0
-1
0
0
0
6
Block1073
2
0
-1
0
0
0
6
Block1074
6
0
-1
0
0
0
6
Block1075
7
0
-1
0
0
0
6
Block1076
5
0
-1
0
0
0
6
Block1077
4
0
-1
0
0
0
6
Block1078
8
0
-1
0
0
0
6
Block1079
0
0
-1
0
0
0
6
Block1080
13
0
-1
0
0
0
6
Block1081
12
0
-1
0
0
0
6
Block1082
11
0
-1
0
0
0
6
Block1083
11
0
-2
0
0
0
6
Block1084
12
0
-2
0
0
0
6
Block1085
13
0
-2
0
0
0
6
Block1086
0
0
-2
0
0
0
6
Block1087
8
0
-2
0
0
0
6
Block1088
4
0
-2
0
0
0
6
Block1089
5
0
-2
0
0
0
6
Block1090
7
0
-2
0
0
0
6
Block1091
6
0
-2
0
0
0
6
Block1092
2
0
-2
0
0
0
6
Block1093
3
0
-2
0
0
0
6
Block1094
1
0
-2
0
0
0
6
Block1095
9
0
-2
0
0
0
6
Block1096
10
0
-2
0
0
0
6
Block1097
14
0
-2
0
0
0
6
Block1098
15
0
-2
0
0
0
6
Block1099
-1
0
-2
0
0
0
6
Block1100
-2
0
-2
0
0
0
6
Block1101
-3
0
-2
0
0
0
6
Block1102
-4
0
-2
0
0
0
6
Block1103
-4
0
-3
0
0
0
6
Block1104
-3
0
-3
0
0
0
6
Block1105
-2
0
-3
0
0
0
6
Block1106
-1
0
-3
0
0
0
6
Block1107
15
0
-3
0
0
0
6
Block1108
14
0
-3
0
0
0
6
Block1109
10
0
-3
0
0
0
6
Block1110
9
0
-3
0
0
0
6
Block1111
1
0
-3
0
0
0
6
Block1112
3
0
-3
0
0
0
6
Block1113
2
0
-3
0
0
0
6
Block1114
6
0
-3
0
0
0
6
Block1115
7
0
-3
0
0
0
6
Block1116
5
0
-3
0
0
0
6
Block1117
4
0
-3
0
0
0
6
Block1118
8
0
-3
0
0
0
6
Block1119
0
0
-3
0
0
0
6
Block1120
13
0
-3
0
0
0
6
Block1121
12
0
-3
0
0
0
6
Block1122
11
0
-3
0
0
0
6
Block1123
-2
0.5
-1
0
0
0
5
Block1124
-1
0.5
-1
0
0
0
5
Block1125
0
0.5
-1
0
0
0
6
Block1126
0
1
-1
0
0
0
5
Block1127
1
1
-1
0
0
0
6
Block1128
1
0.5
-1
0
0
0
6
Block1129
1
1.5
-1
0
0
0
5
Block1130
2
0.5
-1
0
0
0
6
Block1131
2
1
0
0
0
0
5
Block1132
3
1
-1
0
0
0
5
Block1133
3
0.5
-1
0
0
0
6
Block1134
4
0.5
-1
0
0
0
5
Block1135
5
0.5
-1
0
0
0
5
Block1136
0
0.5
-2
0
0
0
5
Block1137
1
1
-2
0
0
0
5
Block1138
1
0.5
-2
0
0
0
6
Block1139
2
0.5
-2
0
0
0
6
Block1140
2
1
-2
0
0
0
5
Block1141
3
0.5
-2
0
0
0
5
Block1142
0
0.5
-3
0
0
0
5
Block1143
1
0.5
-3
0
0
0
5
Block1144
2
0.5
-3
0
0
0
5
Block1145
3
0.5
-3
0
0
0
5
Block1146
4
0.5
-3
0
0
0
5
Block1147
4
0.5
-2
0
0
0
5
Block1148
-1
0.5
-2
0
0
0
5
Block1149
-2
0.5
-2
0
0
0
5
Block1150
-4
0.5
-1
0
0
0
5
Block1151
-3
0.5
-1
0
0
0
5
Block1152
-3
0.5
-2
0
0
0
5
Block1153
-4
0.5
-2
0
0
0
5
Block1154
-2
0.5
-3
0
0
0
5
Block1155
-1
0.5
-3
0
0
0
5
Block1156
-4
0.5
-3
0
0
0
5
Block1157
-3
0.5
-3
0
0
0
5
Block1158
5
0.5
-2
0
0
0
5
Block1159
5
0.5
-3
0
0
0
5
Block1160
6
0.5
-2
0
0
0
5
Block1161
6
0.5
-3
0
0
0
5
Block1162
6
0.5
-1
0
0
0
5
Block1163
7
1.5
-1
0
0
0
5
Block1164
7
1
-1
0
0
0
6
Block1165
7
0.5
-1
0
0
0
6
Block1166
7
0.5
-2
0
0
0
6
Block1167
7
1
-2
0
0
0
5
Block1168
7
0.5
-3
0
0
0
5
Block1169
8
1
-1
0
0
0
6
Block1170
8
0.5
-1
0
0
0
6
Block1171
8
1.5
-1
0
0
0
5
Block1172
9
0.5
-1
0
0
0
6
Block1173
9
1
-1
0
0
0
5
Block1174
8
0.5
-2
0
0
0
6
Block1175
8
1
-2
0
0
0
5
Block1176
8
0.5
-3
0
0
0
5
Block1177
9
0.5
-3
0
0
0
5
Block1178
9
0.5
-2
0
0
0
5
Block1179
10
0.5
-2
0
0
0
5
Block1180
10
0.5
-1
0
0
0
5
Block1181
10
0.5
-3
0
0
0
5
Block1182
11
0.5
-1
0
0
0
5
Block1183
12
0.5
-1
0
0
0
6
Block1184
12
1
-1
0
0
0
5
Block1185
13
0.5
-1
0
0
0
6
Block1186
13
1.5
-1
0
0
0
5
Block1187
14
0.5
-1
0
0
0
6
Block1188
14
1
-1
0
0
0
5
Block1189
13
1
-1
0
0
0
6
Block1190
15
0.5
-1
0
0
0
6
Block1191
15
1
-1
0
0
0
5
Block1192
11
0.5
-2
0
0
0
5
Block1193
11
0.5
-3
0
0
0
5
Block1194
12
0.5
-2
0
0
0
5
Block1195
12
0.5
-3
0
0
0
5
Block1196
13
0.5
-2
0
0
0
5
Block1197
13
0.5
-3
0
0
0
5
Block1198
14
0.5
-2
0
0
0
5
Block1199
14
0.5
-3
0
0
0
5
Block1200
15
0.5
-2
0
0
0
5
Block1201
15
0.5
-3
0
0
0
5
Block1202
-5
0.5
-3
0
0
0
5
Block1203
-5
0
-3
0
0
0
6
Block1204
-5
0
-2
0
0
0
6
Block1205
-5
0.5
-2
0
0
0
5
Block1206
-5
0.5
-1
0
0
0
5
Block1207
-5
0
-1
0
0
0
6
Block1208
-5
0
0
0
0
0
6
Block1209
-5
0.5
0
0
0
0
5
Block1210
-5
0.5
1
0
0
0
5
Block1211
-5
0
1
0
0
0
6
Block1212
-5
0
2
0
0
0
6
Block1213
-5
0.5
2
0
0
0
5
Block1214
-5
0
3
0
0
0
6
Block1215
-5
0.5
3
0
0
0
5
Block1216
-5
0
4
0
0
0
6
Block1217
-5
0.5
4
0
0
0
5
Block1218
-5
0
5
0
0
0
6
Block1219
-5
0.5
5
0
0
0
5
Block1220
-5
0
6
0
0
0
6
Block1221
-5
0.5
6
0
0
0
5
Block1222
-5
0
7
0
0
0
6
Block1223
-5
0.5
7
0
0
0
5
Block1224
-5
0
8
0
0
0
6
Block1225
-5
0.5
8
0
0
0
5
Block1226
-5
0
9
0
0
0
6
Block1227
-5
0.5
9
0
0
0
5
Block1228
-5
0
10
0
0
0
6
Block1229
-5
0.5
10
0
0
0
5
Block1230
-5
0
11
0
0
0
6
Block1231
-5
0.5
11
0
0
0
5
Block1232
-5
0
12
0
0
0
6
Block1233
-5
0.5
12
0
0
0
5
Block1234
-5
0
13
0
0
0
6
Block1235
-5
0.5
13
0
0
0
5
Block1236
-5
0
14
0
0
0
6
Block1237
-5
0.5
14
0
0
0
5
Block1238
-5
0
15
0
0
0
6
Block1239
-5
0.5
15
0
0
0
5
Block1240
-5
0
16
0
0
0
6
Block1241
-5
0.5
16
0
0
0
5
Block1242
-5
0
17
0
0
0
6
Block1243
-5
0.5
17
0
0
0
5
Block1244
-5
0
18
0
0
0
6
Block1245
-5
0.5
18
0
0
0
5
Block1246
16
0
4
0
0
0
6
Block1247
16
0
3
0
0
0
6
Block1248
16
0
5
0
0
0
6
Block1249
16
0
6
0
0
0
6
Block1250
16
0
10
0
0
0
6
Block1251
16
0
9
0
0
0
6
Block1252
16
0
7
0
0
0
6
Block1253
16
0
8
0
0
0
6
Block1254
16
0
16
0
0
0
6
Block1255
16
0
15
0
0
0
6
Block1256
16
0
17
0
0
0
6
Block1257
16
0
18
0
0
0
6
Block1258
16
0
14
0
0
0
6
Block1259
16
0
13
0
0
0
6
Block1260
16
0
11
0
0
0
6
Block1261
16
0
12
0
0
0
6
Block1262
16
0
2
0
0
0
6
Block1263
16
0
1
0
0
0
6
Block1264
16
0
0
0
0
0
6
Block1265
16
0
-1
0
0
0
6
Block1266
16
0
-2
0
0
0
6
Block1267
16
0
-3
0
0
0
6
Block1268
17
0
4
0
0
0
6
Block1269
17
0
3
0
0
0
6
Block1270
17
0
5
0
0
0
6
Block1271
17
0
6
0
0
0
6
Block1272
17
0
10
0
0
0
6
Block1273
17
0
9
0
0
0
6
Block1274
17
0
7
0
0
0
6
Block1275
17
0
8
0
0
0
6
Block1276
17
0
16
0
0
0
6
Block1277
17
0
15
0
0
0
6
Block1278
17
0
17
0
0
0
6
Block1279
17
0
18
0
0
0
6
Block1280
17
0
14
0
0
0
6
Block1281
17
0
13
0
0
0
6
Block1282
17
0
11
0
0
0
6
Block1283
17
0
12
0
0
0
6
Block1284
17
0
2
0
0
0
6
Block1285
17
0
1
0
0
0
6
Block1286
17
0
0
0
0
0
6
Block1287
17
0
-1
0
0
0
6
Block1288
17
0
-2
0
0
0
6
Block1289
17
0
-3
0
0
0
6
Block1290
16
0.5
-2
0
0
0
5
Block1291
16
0.5
-3
0
0
0
5
Block1292
16
0.5
-1
0
0
0
5
Block1293
16
0.5
0
0
0
0
6
Block1294
16
1
0
0
0
0
5
Block1295
16
0.5
1
0
0
0
6
Block1296
16
1
1
0
0
0
5
Block1297
16
0.5
2
0
0
0
6
Block1298
16
1
2
0
0
0
5
Block1299
16
0.5
3
0
0
0
5
Block1300
14
0.5
3
0
0
0
6
Block1301
14
1
3
0
0
0
5
Block1302
17
0.5
-2
0
0
0
5
Block1303
17
0.5
-3
0
0
0
5
Block1304
17
0.5
-1
0
0
0
5
Block1305
17
0.5
1
0
0
0
5
Block1306
17
0.5
0
0
0
0
5
Block1307
17
0.5
2
0
0
0
5
Block1308
17
0.5
3
0
0
0
5
Block1309
17
0.5
6
0
0
0
5
Block1310
17
0.5
5
0
0
0
5
Block1311
17
0.5
16
0
0
0
5
Block1312
17
0.5
18
0
0
0
5
Block1313
17
0.5
17
0
0
0
5
Block1314
16
0.5
16
0
0
0
5
Block1315
16
0.5
18
0
0
0
5
Block1316
16
0.5
17
0
0
0
5
Block1317
15
1.5
3
0
0
0
5
Block1318
15
1
3
0
0
0
6
Block1319
15
0.5
3
0
0
0
6
Block1320
15
0.5
4
0
0
0
6
Block1321
15
1
4
0
0
0
6
Block1322
14
0.5
4
0
0
0
6
Block1323
14
1
4
0
0
0
6
Block1324
15
1.5
4
0
0
0
6
Block1325
16
0.5
4
0
0
0
6
Block1326
16
1
4
0
0
0
6
Block1327
15
2
4
0
0
0
5
Block1328
14
1.5
4
0
0
0
5
Block1329
16
1.5
4
0
0
0
5
Block1330
14
0.5
5
0
0
0
6
Block1331
14
1
5
0
0
0
6
Block1332
14
1.5
5
0
0
0
6
Block1333
14
2.5
5
0
0
0
5
Block1334
14
2
5
0
0
0
6
Block1335
13
0.5
5
0
0
0
6
Block1336
13
1
5
0
0
0
6
Block1337
13
1.5
5
0
0
0
5
Block1338
16
0.5
5
0
0
0
6
Block1339
15
0.5
5
0
0
0
6
Block1340
15
1.5
5
0
0
0
5
Block1341
16
1
5
0
0
0
5
Block1342
15
1
5
0
0
0
6
Block1343
15
0.5
6
0
0
0
6
Block1344
15
1.5
6
0
0
0
5
Block1345
15
1
6
0
0
0
6
Block1346
16
0.5
6
0
0
0
6
Block1347
16
1
6
0
0
0
5
Block1348
14
0.5
6
0
0
0
6
Block1349
14
1
6
0
0
0
6
Block1350
14
2
6
0
0
0
5
Block1351
14
1.5
6
0
0
0
6
Block1352
13
0.5
6
0
0
0
6
Block1353
13
1.5
6
0
0
0
5
Block1354
13
1
6
0
0
0
6
Block1355
12
0.5
5
0
0
0
6
Block1356
12
1
5
0
0
0
5
Block1357
12
1
6
0
0
0
5
Block1358
12
0.5
6
0
0
0
6
Block1359
13
0.5
4
0
0
0
6
Block1360
13
1
4
0
0
0
5
Block1361
13
1
7
0
0
0
5
Block1362
13
0.5
7
0
0
0
6
Block1363
14
0.5
7
0
0
0
6
Block1364
14
1
7
0
0
0
6
Block1365
14
2
7
0
0
0
5
Block1366
14
1.5
7
0
0
0
6
Block1367
15
0.5
7
0
0
0
6
Block1368
15
1
7
0
0
0
6
Block1369
15
2
7
0
0
0
5
Block1370
15
1.5
7
0
0
0
6
Block1371
15
0.5
8
0
0
0
6
Block1372
15
1
8
0
0
0
6
Block1373
15
2.5
8
0
0
0
5
Block1374
15
1.5
8
0
0
0
6
Block1375
15
2
8
0
0
0
6
Block1376
16
0.5
7
0
0
0
6
Block1377
16
1.5
7
0
0
0
5
Block1378
16
1
7
0
0
0
6
Block1379
16
0.5
8
0
0
0
6
Block1380
16
2
8
0
0
0
5
Block1381
16
1
8
0
0
0
6
Block1382
16
1.5
8
0
0
0
6
Block1383
17
1
7
0
0
0
5
Block1384
17
0.5
7
0
0
0
6
Block1385
17
1
8
0
0
0
5
Block1386
17
0.5
8
0
0
0
6
Block1387
17
0.5
4
0
0
0
6
Block1388
17
1
4
0
0
0
5
Block1389
18
0
4
0
0
0
6
Block1390
18
0
5
0
0
0
6
Block1391
18
0
6
0
0
0
6
Block1392
18
0
7
0
0
0
6
Block1393
18
0
8
0
0
0
6
Block1394
18
0.5
7
0
0
0
5
Block1395
18
0.5
8
0
0
0
5
Block1396
18
0.5
5
0
0
0
5
Block1397
18
0.5
6
0
0
0
5
Block1398
18
0.5
4
0
0
0
5
Block1399
14
0.5
8
0
0
0
6
Block1400
14
1
8
0
0
0
6
Block1401
14
1.5
8
0
0
0
5
Block1402
14
0.5
9
0
0
0
6
Block1403
14
1
9
0
0
0
5
Block1404
15
1.5
9
0
0
0
5
Block1405
15
0.5
9
0
0
0
6
Block1406
15
1
9
0
0
0
6
Block1407
16
0.5
9
0
0
0
6
Block1408
16
1
9
0
0
0
6
Block1409
17
1.5
9
0
0
0
5
Block1410
17
0.5
9
0
0
0
6
Block1411
17
1
9
0
0
0
6
Block1412
18
0.5
9
0
0
0
5
Block1413
18
0
9
0
0
0
6
Block1414
18
0
10
0
0
0
6
Block1415
18
0.5
10
0
0
0
5
Block1416
16
1
10
0
0
0
6
Block1417
16
0.5
10
0
0
0
6
Block1418
16
2
10
0
0
0
5
Block1419
15
1
10
0
0
0
6
Block1420
15
0.5
10
0
0
0
6
Block1421
15
1.5
10
0
0
0
5
Block1422
15
1.5
11
0
0
0
5
Block1423
15
0.5
11
0
0
0
6
Block1424
15
1
11
0
0
0
6
Block1425
17
1
10
0
0
0
6
Block1426
17
0.5
10
0
0
0
6
Block1427
17
1.5
10
0
0
0
5
Block1428
16
1.5
10
0
0
0
6
Block1429
16
1.5
9
0
0
0
6
Block1430
16
2
9
0
0
0
5
Block1431
16
1
11
0
0
0
6
Block1432
16
0.5
11
0
0
0
6
Block1433
16
1.5
11
0
0
0
5
Block1434
17
1
11
0
0
0
5
Block1435
17
0.5
11
0
0
0
6
Block1436
18
0.5
11
0
0
0
5
Block1437
18
0
11
0
0
0
6
Block1438
15
1
12
0
0
0
6
Block1439
15
0.5
12
0
0
0
6
Block1440
15
1.5
12
0
0
0
5
Block1441
14
1
12
0
0
0
5
Block1442
14
0.5
12
0
0
0
6
Block1443
16
0.5
12
0
0
0
6
Block1444
16
1
12
0
0
0
6
Block1445
16
1.5
12
0
0
0
6
Block1446
16
2
12
0
0
0
6
Block1447
16
2.5
12
0
0
0
5
Block1448
17
1.5
12
0
0
0
5
Block1449
17
0.5
12
0
0
0
6
Block1450
17
1
12
0
0
0
6
Block1451
18
0.5
12
0
0
0
6
Block1452
18
1
12
0
0
0
5
Block1453
18
0
12
0
0
0
6
Block1454
18
0
3
0
0
0
6
Block1455
18
0
2
0
0
0
6
Block1456
18
0
1
0
0
0
6
Block1457
18
0
0
0
0
0
6
Block1458
18
0.5
1
0
0
0
5
Block1459
18
0.5
0
0
0
0
5
Block1460
18
0.5
2
0
0
0
5
Block1461
18
0.5
3
0
0
0
5
Block1462
18
0
-1
0
0
0
6
Block1463
18
0
-2
0
0
0
6
Block1464
18
0
-3
0
0
0
6
Block1465
18
0.5
-2
0
0
0
5
Block1466
18
0.5
-3
0
0
0
5
Block1467
18
0.5
-1
0
0
0
5
Block1468
-1
1.5
8
0
0
0
5
Block1469
-1
1
8
0
0
0
6
Block1470
-1
0.5
7
0
0
0
6
Block1471
-1
1
7
0
0
0
6
Block1472
-1
1.5
7
0
0
0
6
Block1473
-1
2
7
0
0
0
5
Block1474
-2
0.5
7
0
0
0
6
Block1475
-2
1
7
0
0
0
6
Block1476
-2
1.5
7
0
0
0
5
Block1477
-3
0.5
7
0
0
0
6
Block1478
-3
1
7
0
0
0
5
Block1479
-2
0.5
8
0
0
0
6
Block1480
-2
1
8
0
0
0
5
Block1481
-3
0.5
8
0
0
0
5
Block1482
-2
0.5
6
0
0
0
6
Block1483
-2
1
6
0
0
0
5
Block1484
15
0.5
13
0
0
0
6
Block1485
16
0.5
13
0
0
0
6
Block1486
17
0.5
13
0
0
0
6
Block1487
17
1
13
0
0
0
5
Block1488
16
1
13
0
0
0
6
Block1489
16
2
13
0
0
0
5
Block1490
16
1.5
13
0
0
0
6
Block1491
18
0
13
0
0
0
6
Block1492
18
0.5
13
0
0
0
5
Block1493
18
0
14
0
0
0
6
Block1494
18
0.5
14
0
0
0
5
Block1495
15
1
13
0
0
0
5
Block1496
15
0.5
14
0
0
0
6
Block1497
15
1
14
0
0
0
6
Block1498
15
2
14
0
0
0
5
Block1499
15
1.5
14
0
0
0
6
Block1500
16
0.5
14
0
0
0
6
Block1501
16
1.5
14
0
0
0
5
Block1502
16
1
14
0
0
0
6
Block1503
17
0.5
14
0
0
0
6
Block1504
17
1
14
0
0
0
5
Block1505
14
0.5
14
0
0
0
6
Block1506
14
1.5
14
0
0
0
5
Block1507
14
1
14
0
0
0
6
Block1508
14
1
13
0
0
0
5
Block1509
14
0.5
13
0
0
0
6
Block1510
13
1
14
0
0
0
5
Block1511
13
0.5
14
0
0
0
6
Block1512
15
0.5
15
0
0
0
6
Block1513
16
0.5
15
0
0
0
6
Block1514
14
0.5
15
0
0
0
6
Block1515
14
1
15
0
0
0
6
Block1516
15
1
15
0
0
0
6
Block1517
15
1.5
15
0
0
0
6
Block1518
14
1.5
15
0
0
0
5
Block1519
15
2
15
0
0
0
6
Block1520
15
2.5
15
0
0
0
5
Block1521
16
2
15
0
0
0
5
Block1522
16
1
15
0
0
0
6
Block1523
16
1.5
15
0
0
0
6
Block1524
17
0.5
15
0
0
0
6
Block1525
17
1.5
15
0
0
0
5
Block1526
17
1
15
0
0
0
6
Block1527
18
0.5
15
0
0
0
6
Block1528
18
1
15
0
0
0
5
Block1529
18
0
15
0
0
0
6
Block1530
18
0
16
0
0
0
6
Block1531
18
0
17
0
0
0
6
Block1532
18
0
18
0
0
0
6
Block1533
18
0.5
16
0
0
0
5
Block1534
18
0.5
18
0
0
0
5
Block1535
18
0.5
17
0
0
0
5
Object1536
10
1
3
0
0
0
1000
Object1537
13
1
3
0
0
0
1000
Object1538
11
1
2
0
0
0
1000
Object1539
11
1
6
0
0
0
1000
Object1540
13
2
5
0
0
0
1000
Object1541
13
2.5
1
0
0
0
1000
Object1542
9
3
1
0
0
0
1000
Object1543
8
3
1
0
0
0
1000
Object1544
5
1.5
4
0
0
0
1000
Object1545
9
2
3
0
0
0
1000
Object1546
3
1
10
0
0
0
1000
Object1547
7
2
-1
0
0
0
1000
Object1548
1
1.5
-2
0
0
0
1000
Object1549
-1
1
-1
0
0
0
1000
Object1550
0
2.5
0
0
0
0
1000
Object1551
5
2.5
2
0
0
0
1000
Object1552
2
3.5
2
0
0
0
1000
Object1553
2
1.5
-1
0
0
0
1000
Object1554
5
1
-1
0
0
0
1000
Object1555
10
1
-1
0
0
0
1000
Object1556
13
1
-2
0
0
0
1000
Object1557
12
2
0
0
0
0
1000
Object1558
15
1.5
-1
0
0
0
1000
Object1559
16
1.5
0
0
0
0
1000
Object1560
17
1
2
0
0
0
1000
Object1561
16
1.5
5
0
0
0
1000
Object1562
14
2.5
7
0
0
0
1000
Block1563
3
1
7
0
0
0
5
Block1564
4
1
7
0
0
0
5
